367 486
496 449
318 364
356 230
526 201
431 124
297 140
352 134
380 395
348 411
348 372
364 376
408 151
437 442
345 145
359 145
334 404
450 382
384 385
350 316
464 254
453 337
382 160
488 409
505 373
351 359
320 358
313 179
361 435
453 427
344 369
315 275
362 366
361 458
308 227
318 312
420 154
325 341
509 334
341 212
346 352
348 228
404 464
311 167
318 247
353 225
384 240
318 257
370 131
328 389
365 481
360 181
310 181
464 212
474 184
404 204
308 157
315 289
315 140
389 181
377 166
459 170
328 330
388 452
313 199
390 163
387 461
305 152
413 188
461 376
328 279
402 177
405 127
357 450
342 185
441 362
319 237
336 321
420 412
411 290
349 273
336 385
324 316
467 328
361 149
428 189
332 308
472 441
336 295
477 414
408 366
345 360
402 197
333 387
442 135
333 264
375 352
353 271
375 456
415 130
402 142
323 376
474 173
366 463
342 140
388 281
329 323
424 331
335 137
472 433
322 178
304 221
459 368
349 442
335 388
459 229
306 202
347 350
318 264
400 189
525 207
492 299
373 341
487 222
480 405
320 285
321 367
300 166
447 349
331 216
376 483
489 352
361 352
322 286
335 403
391 140
352 330
312 299
483 168
419 255
499 270
459 149
317 318
421 125
473 242
354 285
466 405
431 418
304 214
405 138
417 389
308 167
437 208
330 377
327 186
309 210
404 414
429 320
367 477
352 418
361 420
319 276
383 195
329 219
448 440
435 249
495 342
322 217
351 307
522 219
393 395
424 280
313 308
351 349
365 156
484 365
506 244
421 219
477 162
324 373
457 293
412 421
331 291
325 383
376 330
353 344
376 317
335 260
401 475
324 366
338 211
317 304
411 374
416 165
344 323
510 217
337 380
355 329
340 394
316 181
331 248
425 449
474 334
306 240
387 170
355 314
330 173
482 212
389 421
338 297
359 408
332 379
322 304
452 363
342 342
451 161
332 364
469 158
489 200
363 418
363 399
316 272
359 187
501 395
462 197
347 325
447 167
380 134
451 286
459 244
320 182
431 308
423 376
357 344
327 285
356 418
438 344
400 147
383 227
412 453
313 298
336 361
389 202
446 239
444 375
350 287
329 231
357 241
340 420
363 192
319 211
442 431
434 166
324 322
312 240
396 292
319 329
330 333
418 428
360 426
328 380
406 215
504 345
354 141
455 145
388 187
348 433
356 457
377 156
316 347
341 272
343 269
503 256
358 284
437 450
319 287
445 157
308 219
371 140
454 460
355 367
348 380
338 149
482 430
319 346
351 389
405 133
326 300
302 196
385 342
469 179
321 309
344 339
469 316
353 413
512 307
342 326
408 277
346 409
516 254
305 166
462 434
473 202
355 159
458 353
360 327
480 297
415 147
324 215
326 227
349 337
373 184
468 414
316 235
315 297
413 337
362 447
370 437
513 271
438 424
515 293
359 397
393 130
483 340
418 202
375 172
335 368
466 284
441 139
438 389
445 176
314 254
497 358
361 271
301 177
316 167
443 146
365 176
428 159
353 299
354 261
333 191
307 196
328 314
304 140
313 190
477 425
305 209
317 295
357 382
429 437
457 418
335 302
365 168
327 237
319 368
446 151
493 175
414 142
344 379
418 268
414 326
357 164
457 388
421 471
348 426
338 359
333 334
340 355
470 189
345 263
327 265
323 231
489 330
469 263
355 357
491 380
392 134
491 396
321 195
380 440
304 185
322 322
395 380
372 287
317 144
334 349
346 313
392 412
392 327
330 369
389 374
411 469
353 247
475 272
401 268
342 303
437 171
320 157
315 247
510 320
367 136
328 161
430 142
339 347
504 230
392 311
436 326
451 205
336 343
502 185
354 207
320 344
325 268
387 404
440 293
344 228
357 426
316 285
498 408
391 217
322 347
325 275
473 395
311 288
434 153
422 212
437 132
427 391
364 465
457 189
352 403
335 212
474 195
340 160
360 255
349 393
323 356
321 357
420 243
426 293
350 248
378 150
382 293
400 168
398 152
334 323
498 287
522 230
340 329
489 267
338 397
388 480
450 181
329 263
349 403
316 341
366 410
327 147
327 248
414 193
314 275
376 468
420 347
332 324
446 199
351 433
309 251
497 431
328 351
443 334
397 226
348 259
355 392
512 195
371 199
336 154
417 458
303 152
317 329
483 437
359 375
328 360
311 197
478 452
324 356
303 162
334 309
455 325
359 446
333 278
402 331
370 206
353 447
463 162
347 303
309 262
350 155
456 315
433 221
438 184
501 303
312 224
397 364
320 203
413 170
326 313
394 157
327 342
464 425
320 227
472 226
330 354
397 447
419 365
496 439
356 407
466 297
468 351
499 385
377 379
312 211
323 331
399 403
346 246
407 318
330 313
376 415
324 348
454 404
340 180
366 429
403 241
442 412
342 404
311 265
331 142
357 356
468 307
376 269
310 240
320 312
410 157
436 234
298 154
478 282
348 175
324 152
485 188
464 458
362 471
405 256
340 290
349 364
385 147
368 223
406 182
340 388
345 286
336 278
335 398
443 455
391 354
401 426
431 382
321 273
412 398
328 296
443 463
353 373
505 199
314 235
343 165
364 313
346 201
331 205
340 226
374 216
483 179
334 240
322 239
314 317
430 137
481 260
324 191
478 352
326 252
321 264
318 360
315 149
424 150
340 252
316 192
321 333
483 311
417 139
393 435
355 439
388 210
334 375
491 449
313 259
333 393
310 276
337 317
360 213
324 254
446 213
372 448
326 332
315 221
498 420
406 432
443 305
401 341
432 266
344 417
341 367
327 207
344 398
343 359
327 368
426 146
411 355
349 150
342 375
302 174
350 423
461 394
371 162
407 447
346 398
486 248
462 274
338 376
484 390
330 274
334 359
333 287
351 379
422 181
453 452
342 246
343 296
314 308
339 233
448 256
428 197
436 283
417 442
421 403
379 363
314 210
342 387
317 335
338 307
399 455
443 316
383 472
497 212
419 312
495 313
357 299
431 405
443 398
521 242
498 367
471 365
335 224
472 374
376 306
337 258
463 341
324 299
341 283
355 432
481 380
424 175
379 431
469 167
338 404
321 251
495 192
341 409
515 283
331 342
432 464
360 337
392 144
300 150
384 176
308 183
350 218
345 427
337 334
337 241
484 444
312 279
393 466
303 190
325 287
316 211
341 416
340 340
315 316
389 444
377 256
473 448
460 154
415 134
317 225
366 389
331 394
427 131
305 180
343 170
314 326
322 296
350 191
407 384
391 261
330 383
320 323
336 197
328 166
371 246
347 391
489 417
482 323
440 191
312 286
381 143
346 335
432 356
488 284
489 234
349 294
468 384
433 128
449 271
359 436
406 162
430 366
425 461
455 444
307 232
339 374
427 430
309 246
341 311
412 304
359 460
346 281
331 299
464 448
371 146
338 272
500 332
