419.763 446.775
487.567 394.235
316.032 380.061
423.967 240.915
504.314 202.717
382.602 164.588
300.359 192.69
335.352 181.035
430.25 366.222
386.112 395.666
390.362 361.508
422.525 352.898
390.905 185.5
457.949 397.564
340.879 189.411
351.177 187.767
351.388 402.718
465.672 345.861
432.237 357.951
402.617 311.563
475.306 246.259
468.244 310.011
381.435 194.646
484.05 362.966
492.818 331.954
399.365 347.18
322.656 372.086
335.872 217.892
411.593 406.24
466.171 382.291
381.525 362.015
325.257 298.727
421.851 345.773
408.229 427.031
314.792 261.082
324.81 330.594
402.51 186.406
339.522 351.494
495.403 301.276
395.239 233.095
387.415 345.417
406.495 242.885
440.071 421.595
332.606 209.093
336.581 272.451
417.608 238.465
437.043 245.435
335.706 280.878
346.206 177.047
340.387 393.88
415.735 444.096
384.471 210.929
327.516 220.985
475.71 216.161
460.92 198.242
433.03 219.08
325.605 202.44
320.793 312.062
313.627 189.881
404.393 207.44
383.087 199.339
441.16 191.857
348.167 339.419
431.856 413.538
331.631 234.593
390 195.991
431.378 421.158
318.643 199.889
426.038 208.354
471.398 340.271
356.483 294.652
408.871 202.852
367.352 170.064
401.801 423.027
376.433 215.88
461.554 331.581
339.511 264.14
369.604 325.017
449.681 375.038
448.96 279.347
405.001 277.588
361.235 382.648
341.007 329.05
475.057 301.815
356.939 190.207
436.025 207.062
360.513 317.222
475.786 390.978
372.318 302.94
478.629 368.346
445.122 339.114
385.236 352.432
425.939 215.371
352.158 387.74
400.518 170.961
370.653 278.958
428.783 332.058
413.74 273.308
425.361 419.218
377.609 170.951
379.103 180.59
327.506 386.339
452.878 192.04
420.071 426.126
333.642 186.361
437.953 274.934
352.358 332.478
453.953 309.422
325.423 185.195
475.662 384.941
355.432 213.974
305.849 257.46
470.373 334.152
384.597 423.546
357.664 386.542
473.335 228.755
313.625 240.709
391.945 342.705
333.52 287.909
418.498 210.741
503.869 206.313
487.682 276.885
428.3 323.563
486.455 221.123
480.422 360.615
335.167 304.588
325.267 379.449
303.057 213.276
464.84 320.811
372.481 240.815
424.555 442.297
485.65 317.206
420.381 334.981
340.358 304.411
355.43 400.783
368.995 180.334
403.859 322.731
311.313 323.575
454.521 187.924
453.704 252.345
491.398 254.298
423.142 178.112
322.668 336.41
377.132 166.68
479.581 236.553
414.491 284.21
473.036 362.415
455.28 378.656
307.474 251.158
377.959 177.518
449.079 356.495
324.249 210.527
456.221 217.11
346.566 381.008
366.366 218.514
319.777 246.018
441.74 378.773
456.825 299.794
420.043 438.377
392.611 399.708
413.334 392.687
334.276 297.009
411.578 216.366
367.271 244.232
463.397 393.84
461.297 245.756
488.552 308.751
350.414 245.353
405.02 303.85
502.47 215.089
436.508 364.624
455.526 270.479
312.552 331.102
399.352 339.505
365.94 194.297
482.652 327.881
494.799 234.652
455.338 225.992
445.502 184.433
331.298 382.848
471.1 276.193
445.424 383.255
361.205 302.74
333.493 391.101
430.072 314.457
404.447 333.584
430.751 304.597
374.543 274.374
438.11 431.635
333.278 375.853
387.855 234.159
325.753 323.347
446.623 345.24
409.195 194.003
386.869 321.806
497.052 215.448
362.845 377.495
410.438 319.946
367.493 387.896
342.822 218.383
367.941 266.454
451.184 405.194
478.599 305.038
307.241 273.746
393.299 200.588
413.082 306.982
356.606 209.789
484.206 214.376
433.677 386.957
378.304 302.985
410.602 384.15
351.323 381.039
337.317 320.561
467.246 330.628
381.53 338.697
428.015 186.837
352.562 367.306
437.223 182.848
481.585 206.169
418.997 389.191
421.162 372.714
328.726 295.192
389.357 214.635
490.888 349.276
463.721 207.814
394.968 321.236
430.183 191.255
356.044 177.887
468.264 271.363
473.072 239.605
350.45 218.171
458.225 290.792
452.44 344.798
412.481 331.124
353.38 300.221
403.751 394.617
460.503 317.848
382.174 184.2
437.064 235.918
444.637 410.532
314.743 320.913
363.988 361.177
421.972 219.932
466.989 237.201
462.82 341.758
405.557 287.731
366.275 253.67
423.74 248.663
365.335 411.652
396.826 217.402
343.767 242.257
460.612 387.15
421.113 192.055
339.419 335.078
322.487 270.053
441.592 283.009
324.584 345.611
353.664 339.988
448.279 388.765
411.183 398.845
339.876 385.531
442.986 225.412
492.833 310.267
343.576 185.509
417.402 175.963
408.914 211.021
382.956 416.401
398.227 430.95
374.07 192.709
314.972 364.777
387.317 280.757
392.316 277.145
493.136 243.781
422.663 281.461
457.735 404.427
331.426 307.677
420.617 185.136
316.76 254.131
355.954 183.158
465.928 410.153
406.063 351.415
388.496 368.846
339.824 192.956
480.663 380.645
322.738 361.184
396.084 373.661
372.598 174.124
349.377 313.9
304.182 237.006
434.307 323.03
453.642 196.055
334.95 325.52
385.926 334.852
476.515 292.48
396.068 393.601
497.007 279.892
382.238 325.541
447.492 270.112
379.754 396.876
499.191 241.244
317.822 210.928
470.808 386.982
473.803 209.229
361.167 197.602
470.135 321.885
421.557 314.283
481.745 276.765
392.112 182.181
356.961 242.415
359.329 251.421
397.364 330.077
396.799 211.227
473.85 369.71
332.986 263.429
319.733 318.793
448.39 315.762
412.346 415.907
423.074 403.708
497.909 253.869
458.743 381.851
498.313 269.688
411.066 374.356
361.389 173.188
482.787 308.852
440.826 216.468
386.889 203.202
359.534 368.549
475.696 268.468
402.97 173.894
459.643 353.29
436.768 197.049
324.208 281.666
489.05 321.094
424.758 271.147
304.769 221.947
340.804 207.906
410.844 178.363
383.39 207.133
411.134 188.441
410.432 296.154
416.586 265.546
375.303 220.553
317.23 235.31
351.171 324.995
305.425 191.665
334.112 227.468
478.374 377.299
310.918 246.59
326.673 315.569
409.579 362.886
453.877 394.411
468.429 374.634
369.066 309.531
376.126 201.913
359.612 259.801
319.514 382.298
416.059 180.914
465.822 190.746
387.408 179.356
380.977 370.443
452.643 261.792
449.16 306.473
367.154 200.391
469.087 349.793
448.628 424.301
383.286 410.187
368.049 357.658
359.411 338.951
372.869 352.9
462.245 201.919
397.461 271.286
355.831 282.744
351.37 256.828
485.947 300.507
477.282 252.753
407.617 343.195
486.216 339.245
365.012 176.473
485.582 352
352.426 227.793
428.285 404.357
310.377 227.59
333.945 336.548
438.292 352.04
429.628 281.559
319.627 192.457
359.889 351.575
392.231 311.817
435.502 378.656
438.309 310.117
346.456 373.841
435.11 347.825
443.465 424.2
415.917 254.816
479.882 258.566
444.371 264.347
384.912 306.026
427.633 195.286
334.284 200.538
329.381 274.748
495.945 290.366
348.445 180.811
343.91 202.332
398.037 177.19
373.793 345.709
493.929 224.825
439.096 297.923
460.004 304.216
462.619 213.778
366.918 344.954
477.981 195.565
403.169 227.701
325.952 358.473
351.654 286.601
433.243 373.341
462.919 277.831
399.659 244.504
403.861 401.613
324.028 307.874
489.134 360.509
434.707 228.44
331.623 358.904
348.688 292.691
476.762 353.272
310.59 313.523
410.756 183.92
450.755 221.678
394.146 169.27
453.784 357.028
415.161 430.501
453.803 203.354
396.441 385.341
381.307 235.997
468.842 204.85
351.499 199.986
424.701 258.728
390.472 378.954
330.613 367.841
326.267 370.09
454.29 243.348
456.21 280.021
409.459 257.322
369.711 189.063
434.515 285.352
401.263 197.909
385.098 187.819
364.312 328.339
490.77 267.113
502.526 223.044
378.125 329.435
486.507 253.377
364.099 391.852
431.228 437.501
443.319 199.483
360.749 279.897
389.701 387.947
316.393 359.11
421.969 381.541
329.493 193.123
358.541 268.943
430.553 211.615
320.624 300.004
425.1 429.109
451.902 321.945
358.505 331.246
455.481 210.877
389.828 413.828
312.367 281.83
488.382 379.132
344.302 358.507
463.371 309.227
443.714 233.548
403.511 266.764
403.885 373.249
491.715 200.307
407.62 220.365
343.632 197.026
447.013 414.416
312.939 200.508
320.7 346.987
481.277 386.348
414.296 354.864
343.312 366.557
326.046 234.363
478.462 399.846
335.47 366.223
311.878 208.639
366.008 316.192
469.608 300.911
405.439 418.604
368.631 290.076
443.117 312.166
413.466 225.162
392.728 424.743
436.657 186.256
396.311 302.877
309.629 291.767
354.431 195.408
470.157 292.871
461.163 226.018
438.18 202.935
491.714 278.66
323.966 256.314
439.865 338.624
347.74 235.046
411.247 197.375
345.632 325.363
386.706 191.293
344.519 351.19
471.836 379.275
344.219 254.822
479.266 225.205
350.773 359.15
437.149 407.349
450.875 337.136
487.652 386.132
403.161 385.729
475.489 278.32
475.339 319.542
489.929 341.974
428.995 353.856
326.63 245.549
334.779 343.977
439.389 370.174
401.381 257.149
446.331 301.322
356.2 322.875
427.208 384.248
336.68 358.372
467.424 363.124
369.962 213.034
421.624 397.437
446.301 243.403
461.02 371.791
372.27 394.87
314.892 292.712
327.658 189.218
413.119 340.415
475.96 285.476
432.104 267.363
317.293 270.848
331.372 328.967
397.929 189.192
462.165 234.932
301.703 203.599
481.311 265.211
370.977 208.537
332.121 196.663
470.523 199.302
471.2 406.375
410.191 437.478
447.033 254.514
382.019 296.709
392.621 353.878
372.333 186.07
424.906 234.933
416.325 205.92
369.669 382.097
393.473 290.142
375.042 289.043
356.806 395.784
460.702 407.354
437.152 331.542
439.56 389.011
456.141 348.976
340.524 293.365
446.488 364.836
353.694 309.122
460.347 414.35
402.554 357.393
490.961 203.895
327.702 265.207
358.648 202.946
424.827 302.663
393.122 225.342
373.166 232.154
391.5 244.272
423.543 230.098
462.648 194.689
374.708 258.509
348.189 263.894
313.402 338.58
393.595 173.898
483.02 249.23
359.077 223.971
480.034 319.171
354.248 272.693
341.876 285.879
318.586 375.156
323.196 196.405
401.5 183.211
387.863 265.31
339.961 227.881
330.349 347.193
483.128 287.064
386.534 176.398
435.281 398.253
397.633 415.506
427.621 224.677
355.961 375.808
485.146 394.795
320.748 286.572
350.919 393.517
309.919 303.45
373.097 320.916
412.213 230.498
349.493 275.181
466.034 219.03
423.673 412.943
343.546 342.556
332.276 252.567
488.784 370.22
442.123 393.25
464.022 287.254
442.273 320.478
459.713 258.626
376.032 404.934
375.274 361.725
364.764 234.973
377.272 387.667
379.912 353.72
341.245 374.475
398.987 180.301
446.803 329.593
348.726 192.018
375.051 369.261
309.01 218.099
389.48 404.721
471.025 354.427
375.541 197.551
442.402 406.361
383.153 385.486
485.463 239.52
473.702 261.371
365.917 372.918
482.431 347.686
362.536 289.061
358.081 360.778
365.862 298.568
397.222 364.596
425.822 203.279
465.807 403.361
392.751 259.494
389.266 299.23
317.155 329.153
387.722 250.209
467.434 249.817
442.512 212.258
461.274 271.174
447.655 400.1
450.525 366.958
430.479 340.599
332.534 243.106
374.132 379.498
318.461 353.125
375.605 311.989
437.891 414.017
463.738 295.09
428.657 431.889
491.159 212.631
452.323 295.085
488.75 287.057
418.858 294.045
455.695 367.436
462.087 360.01
501.535 231.761
489.767 327.65
476.671 329.857
379.344 245.597
476.632 337.17
431.027 295.964
380.655 271.912
473.108 312.493
343.91 314.284
386.785 289.976
399.269 409.085
480.87 340.72
421.991 198.928
428.406 396.535
444.346 188.657
363.3 398.313
343.283 274.718
479.912 200.869
369.37 400.173
498.401 261.939
353.595 347.754
454.839 416.689
420.312 322.995
374.065 183.069
306.849 199.894
397.11 205.092
321.909 223.967
409.825 234.735
377.202 413.687
368.754 336.408
382.577 257.47
481.584 392.264
315.196 305.094
434.198 424.668
307.228 232.073
347.866 303.383
338.313 243.515
368.355 407.133
375.923 339.185
317.538 336.646
432.729 406.119
433.405 257.945
476.015 397.079
428.699 181.549
381.08 173.49
338.275 254.179
422.897 363.737
345.601 395.916
385.956 169.827
315.529 222.276
363 206.306
313.252 346.211
338.186 312.85
387.242 218.876
444.274 354.017
439.934 259.55
344.769 386.466
328.397 338.95
382.413 224.093
348.732 205.378
430.65 251.212
384.535 379.107
484.254 369.16
482.441 296.177
445.55 206.978
314.316 311.267
364.799 183.585
390.545 330.563
457.655 328.109
486.076 266.11
487.177 229.25
402.253 294.125
474.583 345.408
387.342 167.12
467.825 260.877
406.217 409.702
399.044 193.117
456.04 336.235
451.208 415.022
466.827 396.48
310.965 266.081
369.8 369.851
453.167 388.598
314.694 276.444
383.008 313.36
449.019 290.081
403.582 430.777
397.876 285.604
360.503 309.76
471.133 398.771
360.509 186.642
380.494 282.507
491.13 300.688
